start=2353.353353
ab-loop-a=2.402402
ab-loop-b=2.602603
